0
0
0
0
0
0
0
0
0
0
0
0
0
0
0
0
0
0
0
0
0
0
0
0
0
0
0
0
0
0
0
0
0
0
0
0
0
0
0
0
0
0
0
0
0
0
0
0
0
0
0
0
0
0
0
0
0
0
0
0
0
0
0
0
0
0
0
0
0
0
0
0
0
0
0
0
0
0
0
0
0
0
0
0
0
0
0
0
0
0
0
0
0
0
0
0
0
0
0
0
0
0
0
0
0
0
0
0
0
0
0
0
0
0
0
0
0
0
0
0
0
0
0
0
0
0
0
0
0
0
0
0
0
0
0
0
0
0
0
0
0
0
0
0
0
0
0
0
0
0
0
0
0
0
0
0
0
0
0
0
0
0
0
0
0
0
0
0
0
0
0
0
0
0
0
0
0
0
0
0
0
0
0
0
0
0
0
0
0
0
0
0
0
0
0
0
0
0
0
0
0
0
0
0
0
0
0
0
0
0
0
0
0
0
0
0
0
0
0
0
0
0
0
0
0
0
0
0
0
0
0
0
0
0
0
0
0
0
0
0
0
0
0
0
0
0
0
0
0
0
0
0
0
0
0
0
0
0
0
0
0
0
0
0
0
0
0
0
0
0
0
0
0
0
0
0
0
0
0
0
0
0
0
0
0
0
0
0
0
0
0
0
0
0
0
0
0
0
0
0
0
0
0
0
0
0
0
0
0
0
0
0
0
0
0
0
0
0
0
0
0
0
0
0
0
0
0
0
0
0
0
0
0
0
0
0
0
0
0
0
0
0
0
0
0
0
0
0
0
0
0
0
0
0
0
0
0
0
0
0
0
0
0
0
0
0
0
0
0
0
0
0
0
0
0
0
0
0
0
0
0
0
0
0
0
0
0
0
0
0
0
1 0
0
0
0
0
0
0
0
0
1 1
0
0
0
0
0
0
0
0
0
1 2
0
0
1 3
1 4
0
1 5
0
0
0
0
0
1 6
1 7
1 8
0
0
0
1 9
1 10
1 11
0
0
1 12
0
0
0
0
0
1 13
0
0
0
0
1 14
1 15
0
1 16
0
0
1 17
0
0
0
0
0
1 18
0
0
0
0
1 19
1 20
0
0
1 21
0
1 22
0
0
0
1 23
1 24
0
0
0
1 25
0
0
0
0
0
0
0
0
0
0
0
0
0
1 26
1 27
0
0
0
0
0
0
0
0
0
0
0
0
0
0
0
0
0
0
0
0
0
0
1 28
1 29
0
0
1 30
0
0
0
1 31
1 32
1 33
0
0
0
0
0
0
0
0
0
0
1 34
0
1 35
0
0
0
1 36
0
1 37
0
0
0
0
0
0
0
0
0
0
0
0
0
0
0
1 38
1 39
1 40
0
0
0
0
0
0
0
0
1 41
1 42
0
1 43
0
1 44
0
1 45
0
0
0
0
0
0
0
0
0
0
0
0
0
0
0
0
0
0
0
0
0
0
0
0
1 46
1 47
0
0
0
0
0
0
1 48
0
1 49
0
1 50
1 51
0
0
0
0
0
1 52
0
0
0
0
0
0
0
0
0
0
0
0
1 53
0
0
0
1 54
1 55
0
1 56
0
0
0
1 57
0
0
0
0
0
0
1 58
0
0
1 59
0
0
0
0
0
1 60
0
0
0
1 61
0
1 62
0
0
1 63
1 64
1 65
0
0
0
0
0
1 66
0
0
0
0
0
0
0
0
0
0
0
1 67
1 68
0
1 69
0
0
0
0
0
0
0
1 70
1 71
1 72
1 73
0
0
0
0
0
0
0
0
0
0
1 74
0
0
0
0
0
0
1 75
1 76
0
0
0
0
0
0
1 77
1 78
0
1 79
0
0
1 80
0
0
0
1 81
0
0
0
0
0
1 82
1 83
0
0
0
1 84
1 85
0
0
0
0
0
1 86
0
0
0
0
0
1 87
0
0
0
1 88
0
1 89
0
0
0
0
1 90
0
0
0
0
0
0
0
0
0
1 91
0
1 92
1 93
0
1 94
1 95
1 96
0
0
1 97
0
0
0
0
0
1 98
1 99
0
0
1 100
0
0
0
0
0
0
0
0
0
0
0
1 101
0
1 102
0
0
1 103
0
0
0
0
0
0
0
1 104
0
0
0
0
0
1 105
0
0
0
1 106
0
1 107
1 108
0
0
0
0
0
0
0
0
1 109
0
0
0
0
0
0
0
0
0
1 110
1 111
0
1 112
1 113
0
0
0
1 114
0
1 115
0
0
0
0
1 116
0
1 117
1 118
0
1 119
0
0
0
0
0
0
0
1 120
0
0
0
0
0
0
0
0
0
0
0
0
0
0
0
0
0
0
0
0
0
0
0
0
0
0
1 121
0
0
0
0
0
0
0
0
0
0
0
1 122
0
0
0
0
0
0
0
0
0
0
0
0
0
0
0
0
0
0
0
0
0
0
0
0
0
0
0
0
0
0
0
0
0
0
0
0
0
0
0
0
0
1 123
0
0
0
0
0
0
0
0
0
1 124
1 125
1 126
0
0
0
0
0
0
0
0
0
0
0
0
0
0
0
0
