0
0
0
0
0
0
0
0
0
0
0
0
0
0
0
0
0
0
0
0
0
0
0
0
0
0
0
0
0
0
0
0
0
0
0
0
0
0
0
0
0
0
0
0
0
0
0
0
0
0
0
0
0
0
0
0
0
0
0
0
0
0
0
0
0
0
0
0
0
0
0
0
0
0
0
0
0
0
0
0
0
0
0
0
0
0
0
0
0
0
0
0
0
0
0
0
0
0
0
0
0
0
0
0
0
0
0
0
0
0
0
0
0
0
0
0
0
0
0
0
0
0
0
0
0
0
0
0
0
0
0
0
0
0
0
0
0
0
0
0
0
0
0
0
0
0
0
0
0
0
0
0
0
0
0
0
0
0
0
0
0
0
0
0
0
0
0
0
0
0
0
0
0
0
0
0
0
0
0
0
0
0
0
0
0
0
0
0
0
0
0
0
0
0
0
0
0
0
0
0
0
0
0
0
0
0
0
0
0
0
0
0
0
0
0
0
0
0
0
0
0
0
0
0
0
0
0
0
0
0
0
0
0
0
0
0
0
0
0
0
0
0
0
0
0
0
0
0
0
0
0
0
0
0
0
0
0
0
0
0
0
0
0
0
0
0
0
0
0
0
0
0
0
0
0
0
0
0
0
0
0
0
0
0
0
0
0
0
0
0
0
0
0
0
0
0
0
0
0
0
0
0
0
0
0
0
0
0
0
0
0
0
0
0
0
0
0
0
0
0
0
0
0
0
0
0
0
0
0
0
0
0
0
0
0
0
0
0
0
0
0
0
0
0
0
0
0
0
0
0
0
0
0
0
0
0
0
0
0
0
0
0
0
0
0
0
0
0
0
0
0
0
0
0
0
0
0
0
0
0
0
0
0
0
0
0
0
0
0
0
0
0
0
0
0
0
0
0
0
0
0
0
0
0
0
0
0
0
0
1 0
0
0
0
0
0
0
0
0
0
0
0
0
0
0
0
0
1 1
0
0
0
0
0
0
0
0
0
0
0
0
0
0
0
0
0
0
0
1 2
0
0
0
0
0
0
0
0
0
0
0
1 3
0
0
0
0
0
0
0
0
0
0
0
0
0
0
0
0
1 4
0
0
1 5
1 6
1 7
1 8
1 9
0
0
1 10
0
1 11
0
0
0
0
0
0
0
0
0
0
0
0
0
0
0
0
0
0
0
1 12
1 13
0
0
0
0
0
0
0
0
0
0
0
0
0
0
0
0
0
1 14
1 15
1 16
0
1 17
1 18
0
0
1 19
0
0
0
0
0
0
0
0
0
0
0
0
0
1 20
1 21
1 22
0
0
1 23
0
0
0
0
0
0
0
0
0
0
0
0
0
0
0
0
0
1 24
0
0
0
0
0
0
0
0
0
1 25
0
0
0
0
0
0
0
0
1 26
0
1 27
1 28
0
0
0
0
1 29
0
0
0
0
0
0
1 30
1 31
0
0
0
0
0
0
1 32
0
0
0
0
0
0
1 33
0
1 34
0
0
0
1 35
0
0
0
0
0
1 36
1 37
0
1 38
0
1 39
0
0
0
0
0
0
0
0
0
0
0
0
0
1 40
0
0
0
0
0
0
0
0
0
0
1 41
0
1 42
0
0
0
0
0
0
0
0
1 43
1 44
0
0
0
0
0
0
1 45
0
0
0
1 46
0
0
1 47
0
0
0
1 48
0
0
0
0
0
0
0
0
0
0
0
1 49
0
0
1 50
0
1 51
1 52
0
0
1 53
0
0
0
0
0
0
0
0
0
0
0
0
0
0
0
0
0
0
1 54
0
0
0
0
0
0
0
0
0
1 55
0
0
1 56
0
0
0
0
0
0
0
0
1 57
0
0
0
0
1 58
1 59
1 60
0
0
0
0
1 61
1 62
0
1 63
0
1 64
0
0
0
0
0
0
1 65
0
0
1 66
1 67
0
0
0
1 68
0
0
0
0
0
0
0
0
0
0
0
1 69
0
1 70
0
0
0
0
0
0
0
0
0
1 71
1 72
0
0
0
0
0
0
0
0
0
0
0
0
0
0
1 73
1 74
0
0
0
0
0
0
0
0
0
0
0
0
0
0
0
0
1 75
0
0
0
1 76
0
0
1 77
0
0
0
0
0
0
0
1 78
0
0
0
0
0
0
0
0
0
0
0
0
0
0
0
0
0
0
1 79
0
0
0
0
0
0
0
1 80
0
0
0
0
1 81
1 82
1 83
0
0
0
1 84
0
0
0
0
0
0
0
0
0
0
0
0
0
0
0
0
0
0
1 85
0
1 86
1 87
0
1 88
1 89
0
0
0
0
0
0
0
0
0
0
0
0
0
0
0
0
0
0
0
0
0
0
0
0
0
0
0
0
0
0
0
0
0
0
0
0
0
0
0
0
0
0
0
0
0
0
0
0
0
0
0
0
0
0
0
0
0
0
0
0
0
0
0
0
0
0
0
0
0
0
0
0
0
0
0
0
0
