0
0
0
0
0
0
0
0
0
0
0
0
0
0
0
0
0
0
0
0
0
0
0
0
0
0
0
0
0
0
0
0
0
0
0
0
0
0
0
0
0
0
0
0
0
0
0
0
0
0
0
0
0
0
0
0
0
0
0
0
0
0
0
0
0
0
0
0
0
0
0
0
0
0
0
0
0
0
0
0
0
0
0
0
0
0
0
0
0
0
0
0
0
0
0
0
0
0
0
0
0
0
0
0
0
0
0
0
0
0
0
1 0
0
0
0
0
0
0
0
0
0
0
0
0
0
0
0
0
0
0
0
0
0
0
0
0
0
0
0
0
0
0
0
0
0
0
0
0
0
0
0
0
0
0
0
0
0
0
0
0
0
0
0
0
0
0
0
0
0
0
0
0
0
0
0
0
0
0
0
0
0
0
0
0
0
0
0
0
0
0
0
0
0
0
0
0
0
0
0
0
0
0
0
0
0
0
0
0
0
0
0
0
0
0
0
0
0
0
0
0
0
0
0
0
0
0
0
0
0
0
0
0
0
0
0
0
0
0
0
0
0
0
0
0
0
0
0
0
0
0
0
0
0
0
0
0
0
0
0
0
0
0
0
0
0
0
0
0
0
0
0
0
0
0
0
0
0
0
0
0
0
0
0
0
0
0
0
0
0
0
0
0
0
0
0
0
0
0
0
0
0
0
0
0
0
0
0
0
0
0
0
0
0
0
0
0
0
0
0
0
0
0
0
0
0
0
0
0
0
0
0
0
0
0
0
0
0
0
0
0
0
0
0
0
0
0
0
0
0
0
0
0
0
0
0
0
0
0
0
0
0
0
0
0
0
0
0
0
0
0
0
0
0
0
0
0
0
0
0
0
0
0
0
0
0
0
0
0
0
0
0
0
0
0
0
0
0
0
1 1
0
0
0
0
0
0
0
0
0
0
0
0
0
1 2
0
0
0
0
1 3
0
1 4
0
0
0
0
0
0
1 5
1 6
0
1 7
0
0
0
0
0
1 8
0
0
1 9
0
1 10
1 11
0
0
0
0
0
1 12
0
0
0
0
0
0
0
1 13
0
0
0
0
0
0
0
1 14
0
0
0
0
0
1 15
1 16
0
0
1 17
0
0
0
0
0
0
0
0
0
0
0
0
0
0
0
0
0
0
0
0
0
0
0
0
0
0
0
0
1 18
1 19
1 20
1 21
0
0
0
1 22
0
0
0
0
0
0
0
0
1 23
0
0
1 24
1 25
0
0
0
0
0
0
0
0
0
0
0
0
0
0
0
0
0
0
1 26
0
0
1 27
1 28
0
0
0
0
1 29
1 30
0
0
0
0
0
0
0
0
0
0
0
0
0
0
0
1 31
0
0
1 32
0
1 33
0
1 34
0
0
1 35
0
0
0
0
0
0
0
1 36
0
0
1 37
0
0
0
0
0
0
0
0
0
0
1 38
0
0
0
0
1 39
0
0
1 40
0
0
0
0
0
0
0
0
0
0
1 41
1 42
0
0
1 43
0
0
0
1 44
0
0
1 45
0
1 46
0
1 47
0
1 48
0
0
0
0
0
1 49
0
0
1 50
0
0
1 51
1 52
0
0
0
0
1 53
0
0
0
0
0
1 54
0
0
0
0
0
0
1 55
0
0
0
0
0
0
1 56
0
0
0
0
0
0
1 57
0
0
0
0
0
1 58
0
0
0
0
1 59
1 60
0
0
0
0
0
0
0
1 61
0
0
0
0
0
0
0
1 62
0
1 63
1 64
1 65
0
1 66
1 67
0
0
0
1 68
1 69
0
1 70
0
0
1 71
0
0
0
1 72
0
1 73
0
0
0
0
0
1 74
1 75
1 76
0
0
0
0
0
0
1 77
1 78
0
0
0
0
0
0
0
0
1 79
0
0
0
1 80
0
0
0
0
0
0
1 81
0
0
0
0
0
1 82
0
0
0
0
0
0
0
0
0
0
0
0
0
1 83
0
0
1 84
0
0
0
0
0
0
0
0
0
0
0
0
0
1 85
1 86
0
0
0
1 87
0
0
0
1 88
0
0
0
0
1 89
0
0
0
1 90
0
0
0
1 91
0
1 92
0
0
0
0
0
0
0
0
0
1 93
0
0
0
0
0
0
1 94
1 95
0
0
1 96
0
0
1 97
0
0
1 98
0
0
0
0
0
1 99
0
0
0
0
0
0
1 100
0
0
0
0
0
0
0
0
0
0
0
0
0
0
1 101
0
0
0
0
0
0
0
1 102
0
0
0
0
1 103
0
1 104
1 105
0
1 106
0
0
0
0
0
1 107
0
1 108
1 109
0
0
0
0
0
0
0
0
0
0
0
0
0
0
1 110
0
1 111
0
1 112
0
0
0
0
0
0
0
0
0
0
0
0
0
0
0
0
0
0
0
0
0
0
0
0
0
0
0
0
0
0
1 113
0
0
0
0
0
1 114
1 115
1 116
1 117
0
1 118
0
0
0
0
0
0
0
0
0
0
0
0
0
0
0
0
0
0
0
0
0
0
0
0
0
0
0
1 119
