1 6
2 0 6
1 0
1 0
1 0
2 0 9
1 0
1 3
1 3
2 3 4
1 3
1 3
1 3
1 3
1 3
1 3
1 3
1 3
1 3
1 3
1 3
1 3
1 3
1 3
1 3
1 6
1 6
1 6
1 6
1 6
1 6
1 6
1 6
2 0 6
2 0 6
1 6
1 6
1 6
1 6
1 6
1 6
1 6
1 6
1 6
1 6
1 6
1 6
1 6
1 6
1 6
1 6
1 4
1 6
1 6
1 6
1 6
1 6
1 6
1 6
1 6
1 6
1 6
1 6
1 6
1 6
2 0 6
1 6
1 6
1 6
2 6 9
1 7
2 6 7
1 7
1 7
1 7
1 7
1 7
1 7
1 7
2 6 7
1 3
1 3
1 3
1 3
1 3
1 3
1 3
1 3
1 3
1 3
1 3
1 3
1 3
1 3
1 3
1 3
1 3
1 3
1 3
1 3
1 3
1 4
2 3 4
3 0 4 6
1 4
1 4
1 4
2 0 9
2 0 9
2 0 9
3 0 6 9
3 1 6 9
1 9
3 6 7 9
1 6
2 0 9
2 6 9
1 9
1 9
3 6 7 9
2 6 7
1 9
2 7 9
1 7
2 7 9
2 7 9
2 6 7
1 3
1 3
1 3
1 3
1 3
1 3
1 3
1 3
1 3
1 3
1 3
1 3
1 3
1 3
1 3
1 3
1 3
1 3
1 3
1 3
1 0
1 0
1 0
2 0 4
1 8
1 8
1 8
1 8
1 8
1 8
1 8
1 8
1 8
1 8
1 8
1 8
1 8
1 8
1 8
1 8
1 8
1 8
1 8
1 8
1 8
1 8
1 8
1 8
1 8
1 8
1 8
1 8
1 8
1 8
1 8
1 8
1 8
1 8
1 8
1 8
1 8
1 8
1 8
1 8
1 8
1 8
1 8
1 8
1 8
1 8
1 8
1 8
1 8
1 8
1 8
1 8
1 8
1 8
1 8
1 8
1 8
1 8
1 8
1 8
1 8
1 8
1 8
1 8
1 8
1 8
1 8
1 8
1 8
1 8
1 8
1 8
2 2 8
1 8
1 8
1 8
1 8
1 8
1 8
1 8
1 8
1 8
1 8
1 8
1 8
1 8
1 8
1 8
1 8
1 8
1 8
1 8
1 8
1 8
1 8
1 8
1 8
1 8
1 8
1 8
1 8
1 8
1 8
1 8
1 8
1 8
1 8
1 8
2 2 8
2 4 8
3 2 4 8
1 8
1 8
1 8
1 8
1 8
1 8
1 8
1 4
2 4 8
1 4
1 4
2 4 8
1 4
1 4
1 4
1 4
1 4
1 4
1 4
1 2
2 2 4
1 2
3 2 4 8
1 2
1 4
1 4
1 4
1 4
1 4
1 4
1 4
1 4
1 4
1 4
1 4
1 4
1 4
1 4
1 7
1 7
1 7
1 7
1 7
1 7
1 7
1 7
1 7
1 7
1 7
1 7
1 7
1 7
1 7
1 7
1 7
1 7
1 7
1 7
1 7
1 7
1 7
1 7
1 7
1 7
1 7
3 0 6 9
3 0 7 9
2 0 6
1 4
1 4
2 2 8
2 2 9
1 4
1 4
1 4
2 0 4
3 2 4 8
1 8
1 4
1 4
1 4
1 4
2 0 4
2 4 8
1 4
1 4
1 4
1 4
1 4
1 4
1 4
1 4
2 4 8
1 4
1 4
1 4
1 4
1 4
2 0 4
1 4
1 4
1 6
1 4
1 4
1 4
1 4
1 4
1 4
1 4
1 4
1 4
1 4
1 4
1 4
1 4
1 4
1 4
1 4
1 4
1 4
1 4
1 4
1 4
1 4
1 4
1 4
1 4
2 0 6
2 0 6
1 0
1 0
2 0 9
2 0 6
2 0 6
2 0 7
2 0 6
2 1 2
2 1 8
2 1 8
2 1 2
1 1
2 0 5
1 5
1 5
2 2 5
1 5
2 0 5
2 1 2
2 2 5
3 1 2 8
2 2 5
1 1
2 1 2
2 2 9
3 1 2 8
1 5
2 1 2
2 1 2
1 1
2 2 5
1 1
2 1 2
1 2
1 5
2 1 2
2 5 9
1 5
2 1 9
2 1 8
2 2 8
1 1
2 0 8
2 2 8
1 2
1 5
1 5
2 1 9
1 1
2 1 9
2 1 9
1 5
2 1 9
2 5 8
1 8
1 2
1 1
1 5
2 0 5
2 1 5
1 1
2 8 9
1 2
1 2
1 9
1 1
2 1 8
1 2
2 1 8
2 0 5
1 1
1 1
2 1 9
1 1
1 1
1 5
1 9
1 5
2 1 9
2 2 9
1 5
1 0
1 1
1 8
2 1 5
3 1 5 8
1 1
1 2
2 1 5
1 2
1 2
1 2
1 5
1 0
1 2
1 1
1 2
1 1
1 5
1 1
2 1 5
1 2
1 2
1 1
1 2
3 1 2 8
1 5
2 2 5
1 1
1 5
1 8
2 1 9
1 1
2 1 9
2 1 9
2 1 5
1 1
1 2
2 2 9
2 0 5
1 5
1 1
1 1
1 1
2 1 9
2 2 8
1 5
1 1
2 2 5
1 2
2 2 9
3 1 8 9
2 1 8
1 1
1 5
1 2
1 2
2 1 2
2 2 8
1 2
2 1 2
1 2
2 2 9
1 2
1 1
2 0 5
1 8
1 5
1 2
2 0 5
1 1
1 1
1 1
1 9
2 1 2
1 1
1 5
1 2
1 2
2 1 2
3 1 2 9
1 8
1 2
2 0 5
1 5
1 2
1 5
1 1
1 2
1 1
1 5
1 5
1 1
1 2
1 5
1 1
2 1 9
1 8
1 5
1 1
3 1 2 5
2 1 9
2 1 5
1 9
1 5
1 0
2 1 9
1 8
1 2
1 5
1 5
2 2 9
2 2 5
1 1
2 1 2
1 5
1 1
2 2 9
1 1
1 2
1 2
2 1 2
2 1 2
1 1
1 5
1 1
1 1
1 2
1 9
1 1
1 8
2 1 8
2 5 8
1 1
1 2
2 1 2
1 9
3 1 2 8
1 5
2 1 8
1 2
2 5 8
2 1 2
1 8
1 1
1 1
2 2 8
2 1 9
3 1 2 9
1 2
2 1 5
1 1
1 1
1 2
1 0
2 1 2
1 5
2 0 5
1 1
1 1
3 1 2 9
1 2
1 1
1 5
2 1 2
2 1 2
2 2 5
1 8
1 8
3 1 2 5
2 1 9
2 1 2
2 1 9
3 1 2 9
2 5 8
1 5
2 1 9
1 2
1 5
1 1
1 2
2 1 8
1 1
1 5
2 2 8
1 5
1 5
1 8
1 9
1 5
1 5
1 2
1 5
1 2
2 1 5
2 1 9
2 1 8
1 5
3 2 5 8
2 1 5
3 1 5 8
1 5
2 1 2
2 1 2
1 5
2 1 8
1 1
2 1 8
2 1 9
1 1
1 2
1 5
1 1
1 1
1 2
2 1 2
2 2 5
1 2
1 8
2 5 8
1 1
1 2
1 0
2 0 5
1 1
1 1
2 2 8
1 5
1 1
2 1 2
1 5
2 1 8
1 5
2 1 5
1 5
2 2 5
1 2
2 1 5
1 2
2 1 2
2 1 2
2 1 9
1 2
2 1 9
1 1
1 5
1 5
1 5
1 9
2 2 9
1 2
3 1 2 9
1 1
2 0 5
2 1 9
1 1
1 5
3 2 8 9
2 1 2
1 5
1 1
1 2
2 1 5
1 5
1 8
1 2
2 1 9
1 9
2 1 9
1 1
1 2
1 2
2 2 5
1 5
1 2
2 1 8
1 1
2 1 2
1 1
2 2 8
1 5
2 1 8
2 1 2
1 2
1 5
2 2 5
1 5
1 1
2 1 2
1 2
1 2
2 2 5
1 1
1 1
2 1 2
2 2 9
2 1 2
1 8
1 2
1 1
1 2
1 1
2 1 9
1 1
1 8
1 1
1 1
2 1 2
1 5
1 0
2 2 5
1 2
1 1
1 1
3 1 2 8
2 1 2
1 1
2 1 2
1 2
2 1 2
2 2 5
1 1
1 9
1 2
3 1 5 8
2 1 8
2 2 8
1 2
1 2
1 2
1 0
1 5
1 5
2 1 2
2 8 9
2 1 8
1 5
2 1 9
1 9
1 2
1 2
1 5
2 1 9
1 0
1 7
2 1 9
1 5
2 1 2
2 1 5
1 5
1 5
1 1
1 1
1 8
1 5
2 1 2
1 2
2 1 9
1 5
3 1 5 8
1 2
1 5
2 0 5
1 8
2 1 5
2 1 8
2 1 8
1 2
1 5
1 1
1 8
3 0 2 8
3 1 5 8
2 1 2
1 1
2 1 2
1 5
1 2
2 1 9
2 8 9
1 2
2 8 9
1 5
1 2
2 1 9
1 5
2 1 2
1 5
2 1 2
1 2
2 2 9
1 1
1 5
1 5
1 2
1 5
1 5
2 2 9
2 1 8
2 1 8
1 0
1 1
1 5
1 5
1 1
1 2
3 1 2 5
2 1 2
2 5 8
3 1 5 8
1 2
2 1 2
2 1 9
1 5
2 2 8
1 2
2 1 8
1 5
1 1
2 1 8
2 1 2
1 2
1 2
1 2
1 5
1 2
1 2
1 1
2 1 9
1 5
2 1 9
1 1
1 8
1 2
1 2
2 1 8
2 1 2
1 5
1 9
2 1 9
2 8 9
1 5
2 0 5
1 0
1 5
1 2
2 1 2
1 2
1 5
1 5
1 2
1 2
1 9
1 9
1 9
1 9
1 9
1 9
1 9
1 9
1 9
1 9
1 9
1 9
1 9
1 9
1 9
1 9
1 9
1 9
1 9
1 9
1 9
2 7 9
1 9
1 7
1 9
1 9
1 9
1 9
1 9
1 9
1 9
1 9
1 9
1 9
1 9
1 5
1 9
1 9
1 9
1 9
1 9
1 9
1 9
2 1 9
1 9
1 9
1 9
1 5
2 1 9
1 5
1 0
1 5
2 0 5
2 0 5
1 0
2 0 5
1 5
1 5
2 1 8
1 8
1 0
2 5 7
1 7
1 7
1 9
2 7 9
1 7
2 7 9
1 9
1 9
1 9
3 6 7 9
1 9
1 9
1 9
1 9
2 1 2
