0
0
0
0
0
0
0
0
0
0
0
0
0
0
0
0
0
0
0
0
0
0
0
0
0
0
0
0
0
0
0
0
0
0
0
0
0
0
0
0
0
0
0
0
0
0
0
0
0
0
0
0
0
0
0
0
0
0
0
0
0
0
0
0
0
0
0
0
0
0
0
0
0
0
0
0
0
0
0
0
0
0
0
0
0
0
0
0
0
0
0
0
0
0
0
0
0
0
0
0
0
0
0
0
0
0
0
0
0
0
0
0
0
0
0
0
0
0
0
0
0
0
0
0
0
0
0
0
0
0
0
0
0
0
0
0
0
0
0
0
0
0
0
0
0
0
0
0
0
0
0
0
0
0
0
0
0
0
0
0
0
0
0
0
0
0
0
0
0
0
0
0
0
0
0
0
0
0
0
0
0
0
0
0
0
0
0
0
0
0
0
0
0
0
0
0
0
0
0
0
0
0
0
0
0
0
0
0
0
0
0
0
0
0
0
0
0
0
0
0
0
0
0
1 0
0
0
0
0
0
0
0
0
0
0
0
0
0
0
0
0
0
0
0
0
0
0
0
0
0
0
0
0
0
0
0
0
0
0
0
1 1
0
1 2
0
0
0
0
0
0
0
0
0
0
0
0
0
0
0
0
0
0
0
1 3
1 4
1 5
1 6
1 7
0
0
0
0
0
0
0
0
0
0
0
0
0
0
0
0
0
0
0
0
0
0
0
0
0
0
0
0
0
0
0
0
0
0
0
0
0
0
0
0
0
0
0
0
0
0
1 8
1 9
0
0
0
0
1 10
0
0
0
0
0
0
0
0
0
0
0
0
0
0
0
0
0
0
0
0
0
0
0
0
0
0
0
0
0
0
0
0
0
0
0
0
0
0
0
0
0
0
0
0
0
0
0
0
0
0
0
0
0
0
0
0
0
0
0
1 11
0
0
1 12
0
0
0
0
1 13
0
0
1 14
1 15
1 16
1 17
0
1 18
1 19
1 20
0
1 21
1 22
0
1 23
0
1 24
1 25
0
1 26
0
0
0
0
1 27
0
0
1 28
1 29
0
0
0
0
0
0
0
0
0
0
1 30
0
0
0
0
0
0
1 31
1 32
0
0
0
1 33
0
0
0
0
0
0
0
0
0
0
0
1 34
0
0
0
0
0
0
0
1 35
0
1 36
1 37
1 38
0
0
1 39
0
1 40
0
0
0
0
1 41
1 42
0
1 43
1 44
0
1 45
0
0
0
0
0
0
0
0
0
1 46
1 47
0
0
0
0
0
0
1 48
0
0
1 49
1 50
1 51
0
0
0
0
1 52
1 53
1 54
1 55
1 56
1 57
1 58
1 59
1 60
0
0
0
0
1 61
0
0
0
0
0
1 62
0
0
1 63
1 64
1 65
1 66
0
1 67
0
0
1 68
0
0
1 69
0
0
0
0
1 70
0
0
0
0
0
0
1 71
0
0
0
0
0
0
0
1 72
0
0
1 73
1 74
0
1 75
0
0
1 76
0
1 77
1 78
1 79
1 80
0
0
0
0
1 81
0
0
0
0
0
0
1 82
1 83
0
1 84
0
0
1 85
0
1 86
0
0
0
1 87
0
1 88
1 89
0
0
0
1 90
0
1 91
0
0
0
0
1 92
1 93
0
0
1 94
1 95
1 96
0
0
1 97
0
1 98
0
1 99
0
0
0
1 100
0
0
1 101
0
0
0
1 102
0
0
0
0
0
0
1 103
0
1 104
0
0
0
0
1 105
0
0
0
1 106
1 107
0
0
0
0
0
0
1 108
0
0
0
1 109
1 110
1 111
1 112
0
0
0
1 113
0
0
0
0
1 114
0
0
1 115
0
0
0
0
0
1 116
1 117
0
1 118
1 119
1 120
0
1 121
0
0
0
0
0
0
1 122
1 123
1 124
0
0
0
0
0
1 125
1 126
0
0
1 127
0
0
0
1 128
0
0
0
0
1 129
1 130
1 131
0
1 132
0
0
1 133
0
1 134
0
0
1 135
1 136
0
1 137
0
0
1 138
1 139
1 140
1 141
0
0
1 142
1 143
1 144
0
1 145
0
1 146
0
0
0
0
0
0
1 147
0
0
1 148
1 149
0
0
1 150
1 151
0
1 152
1 153
1 154
1 155
0
0
1 156
0
0
1 157
1 158
1 159
1 160
0
0
0
1 161
0
0
0
0
0
1 162
1 163
0
0
0
0
0
0
1 164
0
0
0
0
0
0
0
1 165
1 166
0
0
0
1 167
0
0
0
0
0
0
1 168
0
0
0
1 169
0
1 170
0
1 171
0
1 172
0
0
1 173
0
0
1 174
0
0
1 175
0
1 176
1 177
1 178
0
0
0
1 179
0
0
1 180
0
0
0
0
0
0
0
1 181
1 182
1 183
0
0
1 184
1 185
0
0
1 186
1 187
0
0
0
0
1 188
1 189
1 190
1 191
0
1 192
1 193
0
0
0
0
0
0
1 194
1 195
0
1 196
0
0
0
0
0
0
0
0
1 197
1 198
1 199
0
0
1 200
1 201
0
0
0
0
0
0
0
0
0
0
0
0
0
0
0
0
0
0
0
0
0
0
0
0
0
0
0
0
0
0
0
0
0
0
0
0
0
0
0
0
0
0
0
0
0
0
0
0
0
0
0
0
0
0
0
0
0
0
0
0
0
0
0
0
0
0
0
0
0
0
0
0
0
0
0
0
1 202
