0
0
0
0
0
0
0
0
0
0
0
0
0
0
0
0
0
0
0
0
0
0
0
0
0
0
0
0
0
0
0
0
0
0
0
0
0
0
0
0
0
0
0
0
0
0
0
0
0
0
0
0
0
0
0
0
0
0
0
0
0
0
0
0
0
0
0
0
0
0
0
0
0
0
0
0
0
0
0
0
0
0
0
0
0
0
0
0
0
0
0
0
0
0
0
0
0
0
0
0
0
0
0
0
0
0
0
0
0
0
0
1 0
0
0
0
0
0
0
0
0
0
0
0
0
0
0
0
0
0
0
0
0
0
0
0
0
0
0
0
0
0
0
0
0
0
0
0
0
0
0
0
0
0
0
0
0
0
0
0
0
0
0
0
0
0
0
0
0
0
0
0
0
0
0
0
0
0
0
0
0
0
0
0
0
0
0
0
0
0
0
0
0
0
0
0
0
0
0
0
0
0
0
0
0
0
0
0
0
0
0
0
0
0
0
0
0
0
0
0
0
0
0
0
0
0
0
0
0
0
0
0
0
0
0
0
0
0
0
0
0
0
0
0
0
0
0
0
0
0
0
0
0
0
0
0
0
0
0
0
0
0
0
0
0
0
0
0
0
0
0
0
0
0
0
0
0
0
0
0
0
0
0
0
0
0
0
0
0
0
0
0
0
0
0
0
0
0
0
0
0
0
0
0
0
0
0
0
0
0
0
0
0
0
0
0
0
0
0
0
0
0
0
0
0
0
0
0
0
0
0
0
0
0
0
0
0
0
0
0
0
0
0
0
0
0
0
0
0
0
0
0
0
0
0
0
0
0
0
0
0
0
0
0
0
0
0
0
0
0
0
0
0
0
0
0
0
0
0
0
0
0
0
0
0
0
0
0
0
0
0
0
0
0
0
0
0
0
0
1 1
1 2
1 3
1 4
1 5
0
0
0
0
0
0
1 6
0
1 7
0
1 8
1 9
0
1 10
0
1 11
1 12
1 13
0
1 14
1 15
0
0
1 16
0
0
1 17
1 18
0
1 19
0
0
0
0
0
1 20
1 21
1 22
1 23
0
1 24
0
0
0
1 25
0
0
1 26
1 27
0
0
0
0
1 28
1 29
0
1 30
0
1 31
1 32
1 33
1 34
1 35
0
0
0
1 36
0
0
0
1 37
0
1 38
1 39
1 40
0
1 41
0
0
0
0
0
0
1 42
0
1 43
0
1 44
1 45
0
0
1 46
0
1 47
0
0
1 48
0
0
1 49
1 50
1 51
1 52
1 53
1 54
0
0
0
0
1 55
1 56
1 57
1 58
0
0
1 59
0
0
0
1 60
1 61
1 62
0
0
0
1 63
0
0
1 64
0
0
0
1 65
0
0
0
0
0
1 66
1 67
1 68
0
1 69
1 70
0
0
0
1 71
1 72
0
0
0
0
0
0
1 73
0
1 74
0
0
1 75
0
0
1 76
1 77
0
0
1 78
1 79
1 80
1 81
0
0
0
1 82
0
0
0
0
0
0
1 83
1 84
0
1 85
0
1 86
0
0
1 87
1 88
1 89
0
1 90
1 91
0
0
1 92
0
1 93
0
1 94
0
1 95
0
1 96
0
1 97
0
0
1 98
0
1 99
1 100
0
1 101
1 102
0
1 103
1 104
1 105
0
0
1 106
0
0
1 107
1 108
1 109
0
1 110
0
1 111
1 112
0
0
0
1 113
1 114
1 115
1 116
1 117
0
0
1 118
0
0
1 119
0
1 120
1 121
0
0
0
0
0
0
0
0
0
0
0
1 122
1 123
1 124
0
0
1 125
1 126
0
1 127
1 128
0
1 129
1 130
1 131
1 132
1 133
0
0
1 134
1 135
0
1 136
0
0
0
0
1 137
0
0
0
1 138
1 139
0
0
1 140
1 141
0
1 142
0
1 143
0
0
0
1 144
0
1 145
1 146
1 147
0
1 148
1 149
0
0
0
0
0
0
1 150
1 151
0
1 152
1 153
0
0
1 154
0
1 155
0
1 156
0
0
0
1 157
0
1 158
1 159
0
0
0
0
0
1 160
1 161
1 162
1 163
0
0
1 164
1 165
0
0
0
0
1 166
1 167
0
0
0
1 168
1 169
1 170
0
1 171
0
0
1 172
0
1 173
1 174
1 175
0
1 176
1 177
1 178
0
0
0
0
1 179
1 180
1 181
1 182
1 183
1 184
0
1 185
0
1 186
0
0
1 187
1 188
0
0
0
0
0
0
0
1 189
0
1 190
0
1 191
0
0
0
0
1 192
0
0
1 193
0
1 194
1 195
0
0
1 196
1 197
0
0
1 198
0
1 199
0
1 200
0
0
0
0
1 201
1 202
1 203
0
0
1 204
0
0
1 205
1 206
1 207
1 208
0
0
1 209
0
0
0
0
0
1 210
0
1 211
0
1 212
0
0
1 213
0
0
0
0
0
0
1 214
1 215
0
1 216
0
0
1 217
0
1 218
1 219
0
1 220
0
1 221
1 222
0
0
0
1 223
0
1 224
1 225
1 226
0
0
0
0
0
0
1 227
1 228
0
1 229
1 230
0
0
0
1 231
1 232
0
0
1 233
0
0
0
0
0
0
1 234
0
0
0
0
0
0
0
0
0
0
0
0
0
0
0
0
0
0
0
0
0
0
0
0
0
0
0
0
0
0
0
0
0
0
0
0
0
0
0
0
0
0
0
0
0
0
0
0
1 235
0
0
0
0
1 236
0
0
0
0
0
0
0
0
0
1 237
0
0
0
0
0
0
0
0
0
0
0
0
0
0
0
0
0
1 238
