0
0
0
0
0
0
0
0
0
0
0
0
0
0
0
0
0
0
0
0
0
0
0
0
0
0
0
0
0
0
0
0
0
0
0
0
0
0
0
0
0
0
0
0
0
0
0
0
0
0
0
0
0
0
0
0
0
0
0
0
0
0
0
0
0
0
0
0
0
0
0
0
0
0
0
0
0
0
0
0
0
0
0
0
0
0
0
0
0
0
0
0
0
0
0
0
0
0
0
0
0
0
0
0
0
0
0
0
0
0
0
0
0
0
0
0
0
0
0
0
0
0
0
0
0
0
0
0
0
0
0
0
0
0
0
0
0
0
0
0
0
0
0
0
0
0
0
0
0
0
0
1 0
1 1
1 2
1 3
1 4
1 5
1 6
1 7
1 8
1 9
1 10
1 11
1 12
1 13
1 14
1 15
1 16
1 17
1 18
1 19
1 20
1 21
1 22
1 23
1 24
1 25
1 26
1 27
1 28
1 29
1 30
1 31
1 32
1 33
1 34
1 35
1 36
1 37
1 38
1 39
1 40
1 41
1 42
1 43
1 44
1 45
1 46
1 47
1 48
1 49
1 50
1 51
1 52
1 53
1 54
1 55
1 56
1 57
1 58
1 59
1 60
1 61
1 62
1 63
1 64
1 65
1 66
1 67
1 68
1 69
1 70
1 71
1 72
1 73
1 74
1 75
1 76
1 77
1 78
1 79
1 80
1 81
1 82
1 83
1 84
1 85
1 86
1 87
1 88
1 89
1 90
1 91
1 92
1 93
1 94
1 95
1 96
1 97
1 98
1 99
1 100
1 101
1 102
1 103
1 104
1 105
1 106
1 107
1 108
1 109
1 110
1 111
1 112
1 113
1 114
1 115
1 116
1 117
0
1 118
0
0
1 119
0
0
0
0
0
0
0
0
0
0
1 120
0
0
0
0
0
0
0
0
0
0
0
0
0
0
0
0
0
0
0
0
0
0
0
0
0
0
0
0
0
0
0
0
0
0
0
0
0
0
0
0
0
0
0
0
0
0
0
1 121
0
0
0
0
0
1 122
1 123
0
0
0
0
0
1 124
0
0
0
0
0
0
0
0
1 125
0
0
0
0
0
0
0
0
0
0
0
0
0
0
0
0
0
0
0
0
0
0
0
0
0
0
0
0
0
0
0
0
0
0
0
0
0
0
0
0
0
0
0
0
1 126
1 127
0
0
0
0
0
0
0
0
0
0
1 128
0
0
0
0
1 129
0
0
0
0
0
0
0
0
0
0
0
0
0
1 130
1 131
0
1 132
1 133
0
0
0
0
0
0
0
0
0
1 134
1 135
0
0
0
0
0
0
1 136
0
0
0
0
1 137
0
1 138
0
0
0
0
0
0
0
0
0
0
0
0
0
0
1 139
0
1 140
0
0
0
0
0
0
0
0
0
0
0
0
0
0
0
0
0
0
0
1 141
0
0
0
0
1 142
0
0
0
0
0
0
0
0
0
0
0
0
0
0
1 143
0
0
0
0
0
1 144
1 145
0
0
0
0
0
1 146
0
0
0
0
0
0
0
1 147
0
0
0
0
0
0
0
0
0
0
0
0
0
0
1 148
0
0
0
0
0
0
0
0
0
0
0
0
0
0
0
1 149
0
0
0
0
0
0
0
0
0
1 150
0
0
0
0
0
0
0
0
0
0
0
0
0
0
0
0
0
0
0
0
0
0
1 151
1 152
1 153
0
0
0
0
1 154
0
1 155
0
1 156
0
1 157
0
0
1 158
0
0
0
0
0
0
0
0
0
0
0
0
0
0
0
0
0
0
0
0
1 159
1 160
0
0
0
0
0
1 161
0
0
0
0
0
0
1 162
0
0
1 163
0
0
1 164
0
0
0
0
0
0
0
0
1 165
0
1 166
0
1 167
0
0
0
0
1 168
0
1 169
0
0
0
0
0
0
0
0
0
0
1 170
1 171
0
0
0
0
0
0
1 172
0
0
0
0
1 173
0
0
0
0
0
0
0
0
0
0
0
0
0
0
0
0
0
0
0
0
0
0
0
0
0
1 174
0
0
0
0
0
0
1 175
0
0
0
0
0
0
0
0
0
0
1 176
0
0
0
1 177
0
1 178
0
0
0
0
0
0
0
0
0
0
0
0
0
0
0
1 179
0
0
0
0
0
0
1 180
0
0
0
0
0
0
0
0
0
1 181
0
0
0
0
0
0
0
0
0
1 182
1 183
1 184
0
0
0
0
0
0
0
1 185
1 186
0
0
0
0
0
0
0
0
0
0
0
0
0
0
0
0
0
1 187
0
0
0
0
0
1 188
0
0
0
1 189
0
1 190
1 191
0
0
0
1 192
1 193
1 194
0
0
0
0
0
0
1 195
0
1 196
0
0
0
0
0
0
0
0
0
0
0
0
0
0
0
0
1 197
1 198
0
0
0
0
0
0
0
0
1 199
1 200
0
0
0
0
1 201
0
1 202
0
0
1 203
0
0
0
0
0
0
0
0
0
0
0
0
1 204
0
0
1 205
0
0
0
0
1 206
0
0
0
0
0
0
0
0
0
0
0
0
0
0
0
0
0
0
0
0
0
0
0
0
0
0
0
0
0
0
0
0
0
0
0
0
0
0
0
0
0
0
0
0
0
0
0
0
0
0
0
0
0
0
0
0
0
0
0
0
0
0
0
0
0
0
0
0
0
1 207
1 208
0
0
0
0
0
0
0
0
0
0
0
0
0
0
0
0
0
