0
0
0
0
0
0
0
0
0
0
0
0
0
0
0
0
0
0
0
0
0
0
0
0
0
0
0
0
0
0
0
0
0
0
0
0
0
0
0
0
0
0
0
0
0
0
0
0
0
0
0
0
0
0
0
0
0
0
0
0
0
0
0
0
0
0
0
0
0
0
0
0
0
0
0
0
0
0
0
0
0
0
0
0
0
0
0
0
0
0
0
0
0
0
0
0
0
0
0
0
0
0
0
0
0
0
0
0
0
0
0
0
0
0
0
0
0
0
0
0
0
0
0
0
0
0
0
0
0
0
0
0
0
0
0
0
0
0
0
0
0
0
0
0
0
0
0
0
0
0
0
0
0
0
0
0
0
0
0
0
0
0
0
0
0
0
0
0
0
0
0
0
0
0
0
0
0
0
0
0
0
0
0
0
0
0
0
0
0
0
0
0
0
0
0
0
0
0
0
0
0
0
0
0
0
0
0
0
0
0
0
0
0
0
0
0
0
0
0
0
0
0
0
0
0
0
0
0
0
0
0
0
0
0
0
0
0
0
0
0
0
0
0
0
0
0
0
0
0
0
0
0
0
0
0
0
0
0
0
0
0
0
0
0
0
0
0
0
0
0
0
0
0
0
0
0
0
0
0
0
0
0
0
0
0
0
0
0
0
0
0
0
0
0
0
0
0
0
0
0
0
0
0
0
0
0
0
0
0
0
0
0
0
0
0
0
0
0
0
0
0
0
0
0
0
0
0
0
0
0
0
0
0
0
0
0
0
0
0
0
0
0
0
0
0
0
0
0
0
0
0
0
0
0
0
0
0
0
0
0
0
0
0
0
0
0
0
0
0
0
0
0
0
0
0
0
0
0
0
0
0
0
0
0
0
0
0
0
0
0
0
0
0
0
0
0
0
0
0
0
0
0
0
1 0
1 1
1 2
1 3
1 4
1 5
0
1 6
0
1 7
0
0
0
0
1 8
0
0
0
1 9
0
0
0
1 10
0
1 11
1 12
0
0
0
0
0
0
0
1 13
1 14
0
0
0
0
1 15
0
1 16
0
0
0
1 17
1 18
1 19
0
0
0
0
0
0
0
0
0
1 20
0
0
0
0
0
1 21
0
1 22
0
0
1 23
0
0
0
1 24
1 25
0
0
1 26
0
0
0
1 27
0
0
0
0
0
1 28
0
1 29
0
0
0
0
0
1 30
1 31
0
1 32
0
0
0
0
0
1 33
0
0
0
1 34
1 35
0
0
0
0
0
1 36
0
1 37
0
0
0
0
0
1 38
0
0
0
0
0
0
0
0
0
0
1 39
0
1 40
0
1 41
0
0
0
0
0
0
1 42
0
0
0
0
0
0
1 43
1 44
0
1 45
0
0
0
1 46
1 47
0
0
1 48
0
0
0
1 49
0
1 50
0
1 51
0
1 52
0
0
0
0
1 53
1 54
0
1 55
0
0
1 56
0
0
0
0
0
0
0
0
1 57
0
0
0
0
0
0
0
1 58
0
0
0
0
0
1 59
0
0
1 60
0
0
0
0
0
0
0
0
1 61
0
0
0
0
0
1 62
1 63
0
0
0
0
0
1 64
0
0
1 65
0
0
1 66
0
0
0
0
1 67
1 68
0
0
1 69
0
0
0
0
1 70
0
1 71
1 72
0
0
1 73
1 74
0
1 75
0
1 76
0
0
1 77
1 78
1 79
1 80
1 81
0
0
1 82
0
0
0
0
0
0
1 83
0
0
0
0
1 84
0
0
1 85
0
0
0
1 86
0
0
0
1 87
0
0
1 88
0
1 89
1 90
1 91
1 92
0
1 93
0
0
0
0
0
0
0
1 94
1 95
1 96
0
0
0
0
0
1 97
0
0
1 98
0
0
1 99
0
0
1 100
1 101
0
0
0
0
0
0
0
0
1 102
1 103
0
0
0
0
0
0
1 104
0
0
0
1 105
1 106
1 107
0
0
0
0
1 108
0
0
0
0
0
0
0
0
0
0
0
0
0
0
0
0
1 109
0
1 110
0
0
0
0
0
0
0
0
0
1 111
0
0
0
1 112
0
0
0
0
0
0
1 113
1 114
0
0
0
1 115
0
0
0
0
1 116
0
0
0
0
1 117
0
1 118
1 119
1 120
0
0
0
1 121
0
0
0
1 122
1 123
0
1 124
1 125
0
1 126
0
0
0
1 127
0
0
0
1 128
0
0
0
1 129
0
0
0
0
0
1 130
0
0
1 131
0
1 132
0
0
0
0
1 133
1 134
0
1 135
1 136
0
0
0
0
0
1 137
1 138
0
0
1 139
0
1 140
1 141
0
0
0
1 142
0
0
0
1 143
0
0
0
0
0
0
1 144
0
0
0
0
1 145
0
0
0
0
0
0
0
1 146
0
0
0
1 147
1 148
0
1 149
0
0
0
1 150
1 151
0
0
0
0
0
0
0
0
0
0
0
0
0
0
0
0
0
0
0
0
0
0
0
0
0
0
0
0
0
0
0
0
0
0
0
0
0
1 152
0
0
0
0
0
0
0
0
0
0
0
1 153
0
1 154
0
1 155
1 156
1 157
0
1 158
1 159
1 160
0
0
0
1 161
0
0
0
0
0
0
0
0
0
0
0
0
0
0
0
