0
0
0
0
0
1 0
0
0
0
0
0
0
0
0
0
0
0
0
0
0
0
0
0
0
0
0
0
0
0
0
0
0
0
0
0
0
0
0
0
0
0
0
0
0
0
0
0
0
0
0
0
0
0
0
0
0
0
0
0
0
0
0
0
0
0
0
0
0
0
1 1
0
0
0
0
0
0
0
0
0
0
0
0
0
0
0
0
0
0
0
0
0
0
0
0
0
0
0
0
0
0
0
0
0
0
0
0
0
1 2
1 3
1 4
1 5
1 6
1 7
1 8
0
1 9
1 10
1 11
1 12
1 13
0
1 14
1 15
0
1 16
1 17
0
0
0
0
0
0
0
0
0
0
0
0
0
0
0
0
0
0
0
0
0
0
0
0
0
0
0
0
0
0
0
0
0
0
0
0
0
0
0
0
0
0
0
0
0
0
0
0
0
0
0
0
0
0
0
0
0
0
0
0
0
0
0
0
0
0
0
0
0
0
0
0
0
0
0
0
0
0
0
0
0
0
0
0
0
0
0
0
0
0
0
0
0
0
0
0
0
0
0
0
0
0
0
0
0
0
0
0
0
0
0
0
0
0
0
0
0
0
0
0
0
0
0
0
0
0
0
0
0
0
0
0
0
0
0
0
0
0
0
0
0
0
0
0
0
0
0
0
0
0
0
0
0
0
0
0
0
0
0
0
0
0
0
0
0
0
0
0
0
0
0
0
0
0
0
0
0
0
0
0
0
0
0
0
0
0
0
0
0
0
0
0
0
0
0
0
0
0
0
0
0
1 18
1 19
0
0
0
0
1 20
0
0
0
0
0
0
0
0
0
0
0
0
0
0
0
0
0
0
0
0
0
0
0
0
0
0
0
0
0
0
0
0
0
0
0
0
0
0
0
0
0
0
0
0
0
0
0
0
0
0
0
0
0
0
0
0
0
0
0
1 21
0
0
0
0
0
0
0
0
0
0
0
0
0
0
0
0
0
0
0
0
0
1 22
0
0
0
0
0
0
0
0
0
0
0
1 23
0
1 24
0
0
0
0
0
0
0
0
1 25
0
1 26
1 27
0
1 28
0
0
0
0
0
0
0
0
1 29
0
0
1 30
0
0
0
0
0
0
0
1 31
0
0
0
1 32
0
1 33
1 34
0
0
0
0
0
0
0
0
0
0
0
0
0
0
0
0
0
0
0
0
0
0
0
0
0
0
0
0
0
0
0
1 35
0
1 36
1 37
0
0
0
1 38
0
0
0
0
0
1 39
0
0
0
0
0
1 40
1 41
0
0
0
0
0
0
0
0
0
0
1 42
0
0
0
0
0
0
0
0
0
0
1 43
0
0
0
0
0
0
1 44
0
0
0
0
0
0
0
0
0
0
0
0
0
0
0
1 45
0
0
0
0
1 46
0
1 47
0
0
1 48
0
0
0
0
1 49
0
0
0
0
0
1 50
0
0
0
0
0
0
0
0
0
0
1 51
0
0
0
0
0
0
0
1 52
0
0
0
0
0
0
0
0
0
0
1 53
1 54
0
0
0
0
0
0
0
0
0
0
0
1 55
0
0
0
0
0
0
0
0
0
1 56
0
1 57
1 58
0
0
1 59
0
0
0
0
0
0
0
0
0
0
0
1 60
0
0
0
0
0
0
1 61
0
0
0
0
0
0
0
0
0
0
0
0
1 62
0
0
0
0
0
0
0
0
0
0
0
0
0
0
0
0
0
0
0
0
0
0
0
0
0
0
0
0
0
0
0
0
1 63
0
1 64
0
0
0
0
1 65
1 66
0
1 67
0
0
1 68
0
0
1 69
0
0
0
0
0
0
0
0
1 70
1 71
1 72
0
0
0
0
0
0
0
0
0
0
0
0
0
0
0
0
0
0
0
0
0
0
0
0
0
0
1 73
0
0
0
0
0
0
1 74
0
0
0
0
0
0
0
0
0
0
0
0
0
0
0
0
0
0
0
1 75
0
0
0
0
0
0
0
0
0
0
0
1 76
0
0
1 77
1 78
0
0
0
1 79
0
0
1 80
0
0
0
0
0
0
0
0
0
0
0
1 81
0
0
0
0
0
0
0
0
0
0
0
0
0
0
0
0
0
0
0
0
1 82
1 83
0
1 84
0
0
1 85
0
0
0
0
0
1 86
0
0
0
0
0
0
1 87
0
0
0
0
0
0
0
0
0
0
0
0
0
0
1 88
0
0
0
0
0
0
0
0
0
0
0
0
0
0
0
1 89
0
1 90
0
0
0
0
0
0
0
1 91
1 92
1 93
0
0
0
0
0
0
0
0
0
0
0
1 94
1 95
1 96
1 97
1 98
1 99
1 100
1 101
1 102
1 103
1 104
1 105
1 106
1 107
1 108
1 109
1 110
1 111
1 112
1 113
1 114
1 115
1 116
0
1 117
1 118
1 119
1 120
1 121
1 122
1 123
1 124
1 125
1 126
1 127
0
1 128
1 129
1 130
1 131
1 132
1 133
1 134
1 135
1 136
1 137
1 138
0
1 139
0
0
0
0
0
0
0
0
0
0
0
0
0
0
0
1 140
1 141
0
1 142
1 143
1 144
1 145
1 146
1 147
1 148
1 149
1 150
0
